YUN_0001.JPG,95895.143000,2134,-6.779546,-2.813227,-200.937478,4.400000,7.620000,-89.820000,-89.960000,-2.190000,93263
YUN_0002.JPG,95907.240000,2134,-7.237751,-6.685040,-200.819505,4.210000,5.960000,-90.690000,-89.970000,0.080000,93241
YUN_0003.JPG,95920.629000,2134,-7.832833,-5.003047,-200.925715,3.740000,6.380000,-87.970000,-89.970000,-1.930000,93292
YUN_0004.JPG,95934.050000,2134,-9.925389,-7.812617,-200.893645,2.650000,5.170000,-88.820000,-89.970000,-0.520000,93203
YUN_0005.JPG,95947.437000,2134,-9.711611,-6.603216,-200.957675,2.730000,5.710000,-88.130000,-89.970000,-0.960000,93233
YUN_0006.JPG,95961.024000,2134,-7.779248,-9.222756,-200.697598,4.030000,4.860000,-91.870000,-89.970000,1.230000,93097
YUN_0007.JPG,95974.461000,2134,-9.052528,-8.892063,-200.796383,3.180000,4.850000,-89.740000,-89.970000,0.960000,92850
YUN_0008.JPG,95987.848000,2134,-10.225614,-7.648919,-200.943366,2.590000,5.500000,-90.180000,-89.970000,0.790000,93028
YUN_0009.JPG,96001.068000,2134,-7.094870,-3.586825,-200.961298,4.260000,7.690000,-90.560000,-89.970000,0.870000,92901
YUN_0010.JPG,96013.255000,2134,-2.718165,-10.821006,-200.065934,6.660000,3.840000,-90.820000,-89.970000,0.080000,92886
YUN_0011.JPG,96025.342000,2134,-3.398250,-10.012687,-200.229829,6.230000,4.250000,-90.170000,-89.970000,0.520000,92858
YUN_0012.JPG,96041.201000,2134,-41.351254,-11.054789,-197.461014,5.440000,-4.850000,-176.980000,-89.970000,-2.190000,92659
YUN_0013.JPG,96053.933000,2134,-7.908760,25.938511,-198.021181,-3.830000,-4.160000,90.090000,-89.970000,-1.230000,92644
YUN_0014.JPG,96067.087000,2134,-14.202658,28.184472,-197.612950,-0.210000,-5.540000,89.020000,-89.970000,-0.080000,93025
YUN_0015.JPG,96080.942000,2134,-9.357137,31.775100,-196.389162,-2.850000,-7.620000,89.360000,-89.970000,0.520000,92506
YUN_0016.JPG,96094.428000,2134,-6.779390,31.603692,-196.316163,-4.250000,-7.460000,89.450000,-89.970000,-0.080000,92434
YUN_0017.JPG,96107.949000,2134,-11.702119,34.957319,-195.652445,-2.050000,-9.000000,90.810000,-89.970000,-1.580000,92537
YUN_0018.JPG,96121.736000,2134,-7.557198,31.815130,-196.184549,-3.620000,-7.840000,88.750000,-89.970000,1.490000,92490
YUN_0019.JPG,96135.289000,2134,-9.395485,31.954423,-196.384680,-3.070000,-7.590000,90.170000,-89.970000,-0.080000,92713
YUN_0020.JPG,96148.909000,2134,-9.868848,33.041246,-196.057623,-2.550000,-8.250000,89.290000,-89.970000,0.080000,92601
YUN_0021.JPG,96161.128000,2134,-9.811276,34.339397,-195.603040,-2.760000,-8.990000,89.880000,-89.970000,0.430000,92341
YUN_0022.JPG,96173.533000,2134,-14.960610,36.461041,-195.145732,-0.280000,-9.930000,90.650000,-89.960000,-1.050000,92502
YUN_0023.JPG,96189.925000,2134,-37.877642,-17.401741,-197.568544,8.850000,-2.770000,-179.440000,-89.970000,2.190000,92445
YUN_0024.JPG,96201.171000,2134,-7.605417,-6.825147,-200.786206,3.800000,5.270000,-87.750000,-89.970000,-2.900000,92760
YUN_0025.JPG,96215.096000,2134,-10.397656,-3.665464,-201.145256,2.510000,7.540000,-90.700000,-89.970000,0.260000,92433
YUN_0026.JPG,96228.398000,2134,-8.637273,-5.335919,-200.988843,3.430000,6.660000,-90.150000,-89.970000,0.350000,92336
YUN_0027.JPG,96241.952000,2134,-10.707665,-6.629137,-201.028565,2.370000,6.060000,-90.820000,-89.970000,0.790000,92379
YUN_0028.JPG,96255.506000,2134,-8.970367,-8.196175,-200.804944,3.170000,4.900000,-89.060000,-89.970000,-1.050000,92394
YUN_0029.JPG,96268.892000,2134,-6.585169,-6.045416,-200.804160,4.490000,6.180000,-89.560000,-89.970000,-0.170000,92519
YUN_0030.JPG,96282.113000,2134,-7.557311,-9.542201,-200.605367,3.890000,4.180000,-88.840000,-89.970000,-0.960000,92545
YUN_0031.JPG,96295.533000,2134,-7.001014,-9.548433,-200.625192,4.410000,4.730000,-91.430000,-89.980000,1.660000,92542
YUN_0032.JPG,96307.502000,2134,-8.559399,-9.955005,-200.642823,3.400000,4.060000,-89.320000,-89.980000,-0.520000,92523
YUN_0033.JPG,96319.390000,2134,-6.882942,-11.728025,-200.342170,4.280000,3.080000,-89.320000,-89.970000,-0.790000,92391
YUN_0034.JPG,96336.234000,2134,-40.001444,-12.622245,-197.753588,6.380000,-3.800000,179.860000,-89.990000,2.630000,91979
YUN_0035.JPG,96350.899000,2134,-13.340051,30.819284,-196.729250,-0.680000,-7.230000,89.170000,-89.970000,1.660000,92552
YUN_0036.JPG,96363.199000,2134,-14.930684,32.584688,-196.380706,-0.100000,-7.870000,90.070000,-89.970000,-0.520000,92582
YUN_0037.JPG,96376.254000,2134,-18.628661,30.755186,-196.919059,1.920000,-6.780000,89.880000,-89.970000,-1.140000,92337
YUN_0038.JPG,96389.442000,2134,-16.855298,32.144544,-196.621294,0.590000,-7.430000,91.220000,-89.970000,-2.020000,92528
YUN_0039.JPG,96402.896000,2134,-23.132913,31.279886,-196.555948,3.970000,-7.090000,91.090000,-89.970000,-1.660000,92559
YUN_0040.JPG,96416.617000,2134,-15.374098,34.263736,-195.905091,-0.210000,-8.690000,91.170000,-89.960000,-1.230000,92617
YUN_0041.JPG,96430.470000,2134,-13.253080,38.935485,-194.237419,-1.330000,-11.280000,91.010000,-89.970000,-1.140000,92968
YUN_0042.JPG,96444.323000,2134,-8.300243,40.036371,-193.433638,-3.460000,-12.210000,89.620000,-89.970000,0.520000,92190
YUN_0043.JPG,96456.242000,2134,-10.512777,39.117233,-193.924869,-2.360000,-11.650000,89.820000,-89.970000,0.430000,92280
YUN_0044.JPG,96468.464000,2134,-10.374104,36.707655,-194.820561,-2.530000,-10.280000,90.090000,-89.970000,0.350000,93028
